1 1 1 1 2 288 
2 1 1 1 2 177 
1 1 1 1 1  60 
2 1 1 1 1  57 
1 1 1 2 2 224 
2 1 1 2 2 166 
1 1 1 2 1  35 
2 1 1 2 1  19 
1 1 1 3 2 337 
2 1 1 3 2 172 
1 1 1 3 1  70 
2 1 1 3 1  30 
1 1 2 1 2  38  
2 1 2 1 2  33 
1 1 2 1 1  19 
2 1 2 1 1  35 
1 1 2 2 2  32
2 1 2 2 2  11
1 1 2 2 1  22 
2 1 2 2 1  20 
1 1 2 3 2  21
2 1 2 3 2   8 
1 1 2 3 1  15
2 1 2 3 1  10  
1 2 1 1 2  90 
2 2 1 1 2  45 
1 2 1 1 1  19 
2 2 1 1 1  12 
1 2 1 2 2  96
2 2 1 2 2  42  
1 2 1 2 1  12
2 2 1 2 1   5 
1 2 1 3 2 124 
2 2 1 3 2  39 
1 2 1 3 1  17  
2 2 1 3 1   2 
1 2 2 1 2  18 
2 2 2 1 2   6 
1 2 2 1 1  13 
2 2 2 1 1   7 
1 2 2 2 2   7 
2 2 2 2 2   2 
1 2 2 2 1   0 
2 2 2 2 1   3 
1 2 2 3 2   9 
2 2 2 3 2   2 
1 2 2 3 1   1 
2 2 2 3 1   1 
1 3 1 1 2 226 
2 3 1 1 2 128  
1 3 1 1 1  88 
2 3 1 1 1  57 
1 3 1 2 2 189  
2 3 1 2 2 117  
1 3 1 2 1  44 
2 3 1 2 1  34 
1 3 1 3 2 156 
2 3 1 3 2  73 
1 3 1 3 1  70 
2 3 1 3 1  25 
1 3 2 1 2  45  
2 3 2 1 2  31 
1 3 2 1 1  47 
2 3 2 1 1  35 
1 3 2 2 2  18 
2 3 2 2 2   3 
1 3 2 2 1  13 
2 3 2 2 1   7 
1 3 2 3 2  11 
2 3 2 3 2   2 
1 3 2 3 1   9 
2 3 2 3 1   2 
1 4 1 1 2 285 
2 4 1 1 2 179 
1 4 1 1 1 110 
2 4 1 1 1  93 
1 4 1 2 2 225 
2 4 1 2 2 141 
1 4 1 2 1  53 
2 4 1 2 1  24 
1 4 1 3 2 324 
2 4 1 3 2 140 
1 4 1 3 1  60 
2 4 1 3 1  47 
1 4 2 1 2  40  
2 4 2 1 2  25 
1 4 2 1 1  66 
2 4 2 1 1  56 
1 4 2 2 2  19 
2 4 2 2 2  11 
1 4 2 2 1  25 
2 4 2 2 1  19 
1 4 2 3 2  22 
2 4 2 3 2   2 
1 4 2 3 1  11 
2 4 2 3 1  12 
1 5 1 1 2 270 
2 5 1 1 2 180 
1 5 1 1 1 176 
2 5 1 1 1 151  
1 5 1 2 2 215 
2 5 1 2 2 108  
1 5 1 2 1  80 
2 5 1 2 1  40 
1 5 1 3 2 269 
2 5 1 3 2 136  
1 5 1 3 1 110  
2 5 1 3 1  40 
1 5 2 1 2  36  
2 5 2 1 2  20 
1 5 2 1 1  25 
2 5 2 1 1  16 
1 5 2 2 2   9 
2 5 2 2 2   7 
1 5 2 2 1  11 
2 5 2 2 1   5 
1 5 2 3 2  16 
2 5 2 3 2   3 
1 5 2 3 1   4 
2 5 2 3 1   5 
1 6 1 1 2 252  
2 6 1 1 2 126  
1 6 1 1 1  97 
2 6 1 1 1  61 
1 6 1 2 2 162  
2 6 1 2 2  72 
1 6 1 2 1  47 
2 6 1 2 1  27 
1 6 1 3 2 199  
2 6 1 3 2  93 
1 6 1 3 1  62 
2 6 1 3 1  24 
1 6 2 1 2  69  
2 6 2 1 2  27 
1 6 2 1 1  45 
2 6 2 1 1  36 
1 6 2 2 2  14 
2 6 2 2 2   7 
1 6 2 2 1   8 
2 6 2 2 1   4 
1 6 2 3 2  14 
2 6 2 3 2   5 
1 6 2 3 1   2 
2 6 2 3 1   0 
1 7 1 1 2 119  
2 7 1 1 2  58 
1 7 1 1 1  62 
2 7 1 1 1  33 
1 7 1 2 2  66 
2 7 1 2 2  20 
1 7 1 2 1  20 
2 7 1 2 1  10 
1 7 1 3 2  67 
2 7 1 3 2  21 
1 7 1 3 1  25 
2 7 1 3 1  10 
1 7 2 1 2  45 
2 7 2 1 2  16 
1 7 2 1 1  22  
2 7 2 1 1  15 
1 7 2 2 2  15 
2 7 2 2 2  10 
1 7 2 2 1  10 
2 7 2 2 1   8 
1 7 2 3 2   8 
2 7 2 3 2   6 
1 7 2 3 1   6 
2 7 2 3 1   2 